Symmetric matrix A = 
0.84 0.394 0.783 0.798 0.912 0.198 0.335 0.768 0.278 0.554 
0.394 0.477 0.629 0.365 0.513 0.952 0.916 0.636 0.717 0.142 
0.783 0.629 0.607 0.0163 0.243 0.137 0.804 0.157 0.401 0.13 
0.798 0.365 0.0163 0.109 0.999 0.218 0.513 0.839 0.613 0.296 
0.912 0.513 0.243 0.999 0.638 0.524 0.494 0.973 0.293 0.771 
0.198 0.952 0.137 0.218 0.524 0.527 0.77 0.4 0.892 0.283 
0.335 0.916 0.804 0.513 0.494 0.77 0.352 0.808 0.919 0.0698 
0.768 0.636 0.157 0.839 0.973 0.4 0.808 0.949 0.526 0.0861 
0.278 0.717 0.401 0.613 0.293 0.892 0.919 0.526 0.192 0.663 
0.554 0.142 0.13 0.296 0.771 0.283 0.0698 0.0861 0.663 0.89 

 Diagonal matrix with eigenvalues D = 
5.44 5.82e-09 -3.81e-11 -1.06e-10 7.66e-09 1.6e-10 9.26e-12 -3.72e-13 1.91e-14 1.98e-16 
5.82e-09 1.55 1.73e-10 1.88e-11 -1.25e-09 6.76e-10 -1.25e-11 -1.16e-11 -5.07e-13 -1.62e-13 
-3.81e-11 1.73e-10 0.886 1.49e-09 5.97e-13 1.2e-09 -1.79e-10 1.28e-11 -1.02e-12 -5.15e-13 
-1.06e-10 1.88e-11 1.49e-09 -1.12 -6.05e-12 1.16e-13 3.92e-10 -5.81e-11 1.91e-13 6.07e-14 
7.66e-09 -1.25e-09 5.97e-13 -6.05e-12 -0.869 1.34e-14 4.65e-11 6.56e-13 3.6e-14 -1.05e-16 
1.6e-10 6.76e-10 1.2e-09 1.16e-13 1.34e-14 -0.298 -5.55e-11 -1.3e-14 -6.06e-18 -1.24e-09 
9.26e-12 -1.25e-11 -1.79e-10 3.92e-10 4.65e-11 -5.55e-11 -0.553 1.84e-16 1.09e-24 1.05e-10 
-3.72e-13 -1.16e-11 1.28e-11 -5.81e-11 6.56e-13 -1.31e-14 2.52e-16 -0.0815 -1.35e-17 -1.31e-11 
1.89e-14 -5.07e-13 -1.02e-12 1.91e-13 3.59e-14 -3.92e-17 -1.02e-16 0 -0.367 8.89e-11 
-1.65e-24 -1.62e-13 -5.15e-13 6.07e-14 -9.44e-18 -1.24e-09 1.05e-10 -1.31e-11 8.89e-11 0.989 

 Is V^T*A*V = D? We check if V^T*A*V-D = 0 
8.05e-15 -3.05e-16 -6.94e-18 9.71e-17 9.16e-16 6.42e-16 -9.56e-16 -1.24e-15 -1.81e-15 -5.55e-16 
-3.89e-16 9.16e-16 3.89e-16 4.02e-16 5e-16 -2.08e-16 -3.23e-16 -2.93e-16 1.39e-16 1.67e-16 
5.83e-16 3.19e-16 -8.99e-16 1.11e-16 1.06e-16 -2.59e-16 7.29e-17 1.41e-17 -5.55e-17 2.78e-17 
5.55e-17 5.55e-16 1.21e-16 2.78e-16 6.59e-17 1.53e-16 -1.61e-16 -1.83e-16 -3.92e-16 2.78e-17 
1.08e-15 3.19e-16 2.43e-17 -5.55e-17 2.43e-17 6.42e-17 -1.54e-16 8.67e-19 -5.19e-16 4.16e-17 
8.88e-16 -2.22e-16 -2.67e-16 1.11e-16 5.55e-17 3.47e-18 6.77e-17 1.8e-16 -4.51e-17 2.78e-17 
-1.46e-15 -2.57e-16 -2.18e-16 -9.02e-17 -7.29e-17 -1.91e-17 2.78e-17 1.86e-16 6.51e-17 2.08e-16 
-1.67e-15 -3.05e-16 -5.55e-17 -2.78e-17 -4.16e-17 6.25e-17 9.02e-17 3.3e-17 -2.08e-16 -8.33e-17 
-1.94e-15 4.16e-17 -6.94e-18 -3.82e-16 -3.16e-16 -3.47e-17 2.08e-17 -1.61e-16 -2.83e-16 -1.39e-16 
-4.44e-16 1.67e-16 -1.11e-16 5.55e-17 -8.33e-17 -3.47e-17 6.25e-17 -7.29e-17 -8.33e-17 -5.55e-16 

 Is V*D*V^T = A? We check if V*D*V^T-A =0 
7.84e-16 6.02e-16 1.2e-15 9.37e-17 8.43e-16 9.02e-17 5.86e-16 1.01e-15 4.23e-16 -6.94e-17 
4.14e-16 -1.94e-15 2.42e-16 -3.68e-16 3.05e-16 -2.24e-16 2.24e-16 8.24e-17 -5.11e-16 -2.15e-16 
1.46e-15 4.92e-16 8.36e-16 8.01e-16 6.9e-16 1.21e-16 3.83e-16 9.65e-16 2.01e-16 5.13e-16 
-5.2e-17 -5.87e-16 9.33e-16 4.61e-16 -7.58e-17 3.19e-16 -1.41e-16 3.61e-16 -8.4e-16 -1.39e-16 
8.97e-16 6.11e-16 8.97e-16 7.31e-17 1.38e-16 -5.16e-16 3.66e-16 5.8e-16 2.09e-16 -3.41e-16 
8.33e-17 -3.14e-16 2.39e-16 2.08e-16 -6.83e-16 -6.38e-16 -6.73e-16 5.55e-17 -6.94e-16 -1.11e-16 
8.12e-16 2.86e-16 2.9e-16 -2.05e-16 1.57e-16 -5.97e-16 8.6e-16 5.55e-17 8.33e-17 -3.19e-16 
7.49e-16 -3.99e-17 9.3e-16 1.39e-16 9.37e-17 -1.25e-16 -2.78e-17 4.44e-16 -8.33e-17 -3.89e-16 
3.89e-16 -3.86e-16 1.53e-16 -9.51e-16 2.08e-16 -5.83e-16 2.26e-16 8.33e-17 4.58e-16 -5.83e-16 
-9.71e-17 -3.11e-16 5.27e-16 -1.94e-16 -3.98e-16 -2.78e-16 -4.58e-16 -3.33e-16 -7.22e-16 -6.66e-16 

 Is V^T*V = 1? 
1 -1.39e-16 3.5e-16 -1.25e-16 2.22e-16 1.53e-16 -6.59e-17 -2.57e-16 -3.89e-16 -3.33e-16 
-1.39e-16 1 4.86e-17 -5.55e-17 -1.25e-16 -4.02e-16 3.47e-18 8.33e-17 2.78e-17 1.67e-16 
3.5e-16 4.86e-17 1 2.19e-16 7.11e-17 -9.37e-17 3.47e-18 -1.04e-16 -1.35e-16 -5.55e-17 
-1.25e-16 -5.55e-17 2.19e-16 1 -1.8e-16 -1.46e-16 3.47e-18 3.89e-16 3.54e-16 1.67e-16 
2.22e-16 -1.25e-16 7.11e-17 -1.8e-16 1 5.55e-17 -4.51e-17 2.08e-16 1.25e-16 -6.94e-17 
1.53e-16 -4.02e-16 -9.37e-17 -1.46e-16 5.55e-17 1 9.02e-17 -1.11e-16 -6.94e-17 -2.22e-16 
-6.59e-17 3.47e-18 3.47e-18 3.47e-18 -4.51e-17 9.02e-17 1 -1.73e-17 -4.13e-16 6.94e-17 
-2.57e-16 8.33e-17 -1.04e-16 3.89e-16 2.08e-16 -1.11e-16 -1.73e-17 1 5.55e-16 -1.94e-16 
-3.89e-16 2.78e-17 -1.35e-16 3.54e-16 1.25e-16 -6.94e-17 -4.13e-16 5.55e-16 1 -2.22e-16 
-3.33e-16 1.67e-16 -5.55e-17 1.67e-16 -6.94e-17 -2.22e-16 6.94e-17 -1.94e-16 -2.22e-16 1 
