Is A*B=I? 
1 1.11e-16 8.33e-16 -1.11e-16 6.66e-16 4.44e-16 -1.11e-16 0 0 5.55e-17 
5.55e-16 1 5.55e-16 3.33e-16 2.22e-16 6.66e-16 1.11e-16 3.33e-16 1.11e-16 0 
4.86e-16 4.16e-16 1 -4.44e-16 -1.67e-16 1.11e-16 -6.11e-16 -9.71e-17 -1.11e-16 -5.83e-16 
1.11e-16 2.78e-16 -5e-16 1 -8.88e-16 -1.11e-16 -4.44e-16 -5.55e-16 1.11e-16 -3.33e-16 
7.22e-16 1.25e-16 2.78e-17 -4.44e-16 1 2.22e-16 -5.55e-17 2.5e-16 2.22e-16 -1.67e-16 
5.62e-16 4.58e-16 3.75e-16 1.53e-16 -2.5e-16 1 -5e-16 -2.08e-17 5.55e-16 -4.44e-16 
3.47e-16 9.71e-17 -3.89e-16 -1.11e-16 -1.11e-16 -3.05e-16 1 -2.64e-16 1.67e-16 1.39e-17 
8.33e-16 3.33e-16 5.55e-17 -6.66e-16 0 -1.11e-16 -6.66e-16 1 -1.11e-16 -4.44e-16 
6.66e-16 -5.55e-17 4.44e-16 1.11e-16 2.22e-16 1.11e-16 2.22e-16 -2.5e-16 1 -1.94e-16 
6.38e-16 -5e-16 -8.33e-16 -6.66e-16 -2.22e-16 -6.66e-16 4.44e-16 -3.33e-16 -1.11e-16 1 

Is B*A=I? 
1 1.69e-15 2.6e-15 1.62e-15 2.32e-15 1.77e-15 2.35e-15 2.24e-15 1.85e-15 2.03e-15 
3.64e-15 1 2.33e-15 1.83e-15 1.94e-15 3.33e-16 2.01e-15 2.44e-15 2.72e-15 1.78e-15 
-6.27e-15 -3.11e-15 1 -2.44e-15 -2.78e-15 -7.77e-16 -2.5e-15 -3.72e-15 -4.44e-15 -2.33e-15 
3.07e-15 1.98e-15 2.57e-15 1 2.55e-15 1.64e-15 2.56e-15 1.88e-15 2.65e-15 1.94e-15 
-1.33e-15 -2.5e-16 -8.74e-16 -3.89e-16 1 -1.94e-16 -7.88e-16 -1.01e-15 -1.01e-15 -5.55e-16 
7.48e-15 4.19e-15 5.41e-15 3.68e-15 5.44e-15 1 5.11e-15 4.55e-15 5.65e-15 4.01e-15 
-9.44e-16 -4.44e-16 -2.22e-16 -3.33e-16 -7.22e-16 -1.67e-16 1 -4.44e-16 -5.55e-16 -2.78e-16 
7.16e-15 4.11e-15 3.77e-15 4e-15 4.22e-15 1.22e-15 3.61e-15 1 5.33e-15 2.89e-15 
-1.1e-14 -7.11e-15 -7.66e-15 -6.44e-15 -7.44e-15 -3.66e-15 -7.38e-15 -6.83e-15 1 -5.88e-15 
5.83e-16 2.22e-16 -1.28e-15 -1.11e-16 -8.6e-16 -1.33e-15 -9.99e-16 1.8e-16 1.67e-16 1 
