Is R upper triangular?:
4.01e+07 2.82e+07 3.27e+07 4.63e+07 4.28e+07 3.31e+07 2.39e+07 4.55e+07 2.42e+07 3.89e+07 
0 2.64e+07 1.34e+07 8.9e+06 -1.67e+06 1.09e+07 1.38e+07 1.61e+07 4.97e+06 1.7e+07 
0 0 1.1e+07 7.24e+06 3.11e+06 -1.33e+06 -5.12e+06 3.81e+06 7.84e+06 -1.81e+06 
0 0 0 2.18e+07 5.49e+06 7.52e+06 3.04e+06 1.47e+06 1.75e+07 2.59e+06 
0 0 0 0 1.92e+07 5.94e+06 2.14e+06 1.97e+06 -1.74e+05 -3.74e+06 
0 0 0 0 0 1.52e+07 -5.09e+05 1.19e+05 8.96e+06 2.53e+05 
0 0 0 0 0 0 7.52e+06 9.54e+06 -9.39e+06 4.6e+06 
0 0 0 0 0 0 0 9.62e+06 1.18e+06 6.22e+06 
0 0 0 0 0 0 0 0 8.86e+06 -5.33e+05 
0 0 0 0 0 0 0 0 0 1.57e+06 
Is Q^T*Q=1?:
1 3.96e-16 5e-16 4.02e-16 6.66e-16 1.67e-16 3.89e-16 -2.29e-16 -1.69e-17 5.42e-15 
3.96e-16 1 -2.83e-16 -2.26e-17 8.33e-17 -4.16e-17 -7.04e-16 5.04e-16 -7.21e-16 -3.62e-15 
5e-16 -2.83e-16 1 3.47e-18 -4.16e-17 1.39e-17 -1.32e-16 7.63e-17 -1.2e-16 -3.27e-16 
4.02e-16 -2.26e-17 3.47e-18 1 9.71e-17 1.39e-17 8.33e-17 -8.67e-17 2.97e-16 9.56e-16 
6.66e-16 8.33e-17 -4.16e-17 9.71e-17 1 1.11e-16 -1.39e-17 -5.55e-17 4.99e-18 -1.46e-16 
1.67e-16 -4.16e-17 1.39e-17 1.39e-17 1.11e-16 1 8.33e-17 -6.25e-17 -1.43e-16 -1.73e-16 
3.89e-16 -7.04e-16 -1.32e-16 8.33e-17 -1.39e-17 8.33e-17 1 1.14e-16 -2.53e-17 -8.5e-16 
-2.29e-16 5.04e-16 7.63e-17 -8.67e-17 -5.55e-17 -6.25e-17 1.14e-16 1 -5.15e-17 -7.94e-17 
-1.69e-17 -7.21e-16 -1.2e-16 2.97e-16 4.99e-18 -1.43e-16 -2.53e-17 -5.15e-17 1 5.98e-18 
5.42e-15 -3.62e-15 -3.27e-16 9.56e-16 -1.46e-16 -1.73e-16 -8.5e-16 -7.94e-17 5.98e-18 1 
Is QR = A? We compute Q*R-A and show it is equal to 0:
0 0 0 0 -1.46e-11 0 0 4.66e-10 0 0 
-1.86e-09 0 0 0 0 0 0 0 0 0 
0 0 0 -1.86e-09 0 2.33e-10 0 -5.82e-11 0 -5.82e-11 
-1.86e-09 0 -1.16e-10 0 0 0 0 0 0 0 
0 0 -9.31e-10 0 0 0 -4.66e-10 0 1.16e-10 5.82e-11 
0 -9.31e-10 -2.33e-10 0 0 -4.66e-10 0 0 0 0 
-9.31e-10 3.73e-09 9.31e-10 0 0 0 2.33e-10 1.16e-10 0 2.91e-11 
-1.86e-09 0 4.66e-10 0 0 0 0 0 0 0 
0 -9.31e-10 1.16e-10 0 -5.82e-11 -4.66e-10 1.16e-10 0 0 -5.82e-11 
0 0 -2.33e-10 0 1.86e-09 0 2.33e-10 0 0 0 
